              precision    recall  f1-score   support

           O       1.00      1.00      1.00       403
       B-SUB       0.00      0.00      0.00         2
       B-MOD       0.68      0.81      0.74        16
       B-ADD       0.83      0.62      0.71         8
       B-SUP       0.75      0.75      0.75         8
       I-SUB       0.00      0.00      0.00       134
       I-MOD       0.86      0.92      0.89      4150
       I-ADD       0.93      0.65      0.76      1015
       I-SUP       0.40      0.62      0.49       318
       E-SUB       0.00      0.00      0.00         1
       E-MOD       0.68      0.81      0.74        16
       E-ADD       1.00      0.62      0.77         8
       E-SUP       0.75      0.75      0.75         8

   micro avg       0.84      0.84      0.84      6087
   macro avg       0.61      0.58      0.59      6087
weighted avg       0.84      0.84      0.83      6087
