Treino SVM
0.13875156054931334
0.16342072409488143
0.1386267166042447
0.16124843945068665
0.16104868913857678
0.1611485642946317
0.14092384519350812
0.13882646691635453
0.16089887640449438
0.52354556803995
0.16102372034956305
0.1611985018726592
0.6127091136079901
0.16089887640449438
0.12754057428214732
0.6196254681647939
0.17917602996254683
0.16347066167290886
0.6332084893882647
0.11637952559300875
0.16117353308364543

Treino KNN
0.3113358302122347
0.346641697877653
0.6017727840199749
0.6307615480649189
0.27747815230961304
0.32883895131086144
0.637378277153558
0.6015980024968789

